 0      0       0       0      
 121.8  51.3    23.1    175.1 
 117.8  54.2    28.4    174.0
 119.8  57.7    43.6    172.5
 120.5  54.3    32.0    174.0
 126.9  53.2    26.2    173.4
 121.5  60.5    45.6    171.3
 118.1  57.3    66.6    173.0
 112.4  45.6    0       170.6
 119.8  54.6    35.6    173.1
 125.4  54.0    28.0    174.0
 123.9  60.4    35.4    174.0
 123.2  57.3    28.9    172.8
 125.3  58.5    27.1    173.3
 123.3  59.3    27.7    171.0
 124.0  54.1    32.3    173.5
 122.9  54.0    47.0    174.3
 122.1  60.4    35.4    174.0
 124.0  55.7    43.4    171.7
 127.3  56.4    44.0    173.3
 127.2  50.1    22.0    173.1
 122.6  55.5    29.7    172.9
 122.8  52.2    40.5    171.9
 129.2  60.4    35.4    174.0
 111.7  45.0    0       174.1
 125.8  54.5    60.7    174.0
 123.3  54.1    45.3    171.0
 122.9  55.8    35.0    173.5
 111.7  45.8    0       170.8
 124.8  51.2    21.2    175.0
 125.8  59.7    42.0    174.1
 125.8  59.6    41.1    174.1
 112.1  45.3    0       170.9
 124.2  54.0    45.7    174.3
 120.8  55.6    37.0    174.0
 122.6  60.4    35.4    174.0
 111.7  45.8    0       170.8
 106.3  46.0    0       170.6
 122.2  60.4    35.4    174.0
 123.9  60.4    35.4    174.0
 126.4  59.9    39.2    174.1
 128.9  50.4    20.2    177.0 
